mp - 8
midday - 22
ep - 28
compline 40
family 48
Collects of the Christian YEar 56
advent 56
christmas 57
epipahny 58
transfiguration 60
lent 60
holy week 62
easter 63
ascension 66
Pentecost 66
Season after Pentecost 67
holy days 72
national days 79
common of Commemorations 80
Supplimental Canticles 84
Holy Communion: Standard Text 92
Psalms 104
1,2 104
3 105
4,5 106
6 107
7 108
8 109
9 110
10 111
11 112
12 113
13 114
14
15 115
16
17 116
18 118
19 120
20 122
21
22 123
23 126
24
25 127
26 128
27 129
28 131
29 132
30
31 133
32 135
33 136
34 138
35 139
36 141
37 142
38 145
39 146
40 147
41 149
42 150
43 151
44 152
45 154
46 155
47 156
48
49 157
50 159
51 160
52 162
53
54 163
55 164
56 166
57 167
58
59 168
60 170
61
62 171
63 172
64 173
65 174
66 175
67 176
68 177
69 179
70 182
71
72 184
73 186
74 188
75 189
76 190
77 191
78 192
79 197
80 198
81 199
82 200
83 201
84 202
85 203
86 204
87 205
88 206
89 207
90 210
91 212
92 213
93 214
94
95 216
96 217
97 218
98 219
99
100 220
101 221
102
103 223
104 225
105 227
106 230
107 233
108 236
109 237
110 239
111 240
112
113 241
114 242
115
116 243
117 245
118
119 247
120 259
121
122 260
123
124 261
125
126 262
127
128 263
129
130 264
131
132
133 266
134
135
136 268
137 269
138 270
139 271
140 272
141 273
142 274
143
144 275
145 277
146 278
147 279
148 280
149 281
150 282
